time,x,y,z,phi,theta,psi,x_velocity,y_velocity,z_velocity,phi_velocity,theta_velocity,psi_velocity,rotor_speed1,rotor_speed2,rotor_speed3,rotor_speed4
0.06,-5.88259194309e-08,-1.03082167977e-08,10.0041436441,6.28317225308,6.28276448258,0.0,1.40477181947e-05,-1.04241407909e-06,0.138114010572,-0.000656334241842,-0.0272124142044,0.0,451.0448946309002,448.8422888608619,447.7393319988526,447.68594627586606
0.12000000000000001,2.00665143285e-05,-7.10184232649e-07,10.0212947176,6.28300030967,6.28098676726,0.0,0.000879399468224,-3.55801362465e-05,0.433522915408,-0.00769806222434,-0.0349603336785,0.0,494.9972090767364,494.4266283126272,495.7064191778566,495.1888384018998
0.18,0.000132033985311,-8.55377043325e-06,10.0525191703,6.28291799446,6.27884033121,0.0,0.00309221257677,-0.00025396773651,0.607214775066,0.00896678711477,-0.0374525209181,0.0,460.5604105930961,460.36276631929746,458.7001958079174,460.02152269010816
0.23999999999999996,0.000430756667594,-2.77400363439e-05,10.0950481915,0.000308855966723,6.27643773997,0.0,0.00713657679877,-0.000320191675002,0.810295723099,0.0108454614809,-0.0458043295242,0.0,469.22556674033973,468.5760996928028,468.7839120576928,468.9297220164721
0.3,0.000989096965304,-3.83664174078e-05,10.1439345172,0.00170433385369,6.27338274325,0.0,0.0117291793314,6.31067679546e-05,0.819239974624,0.0406689912725,-0.0638505445479,0.0,408.0903996322992,406.4745506197058,406.73762466922585,409.3996233002143
0.36000000000000004,0.00190087026608,8.01455169271e-06,10.195223361,0.00387515938186,6.26960364774,0.0,0.0190344945204,0.00171004664893,0.890330337946,0.0252155554537,-0.0613083434005,0.0,427.10542749605514,427.3191076166419,430.12252405678623,428.8125808404883
0.4200000000000001,0.00336347193598,0.000204784875926,10.253459537,0.00595402288006,6.26596314426,0.0,0.0301229341954,0.00505278410556,1.05073448046,0.0488528728226,-0.0594381905472,0.0,456.76647211193995,456.9130623350038,455.2308017415076,457.1185047791164
0.48000000000000015,0.00544126035228,0.00060638740799,10.313964538,0.00837928705273,6.26203200073,0.0,0.0394148428314,0.0085426083299,0.966168321425,0.0126281207735,-0.0818641265379,0.0,375.9707870380811,373.7876057935685,376.8554522868285,373.3389682528637
0.5400000000000001,0.00832126626754,0.00131768745936,10.3776162227,0.00891878638006,6.25694245875,0.0,0.0571567001216,0.015241943476,1.15536804505,0.00049098892857,-0.0915218371224,0.0,466.01994953796833,465.25893071863936,465.56049411785676,464.6098857257076
0.6000000000000002,0.0123567995165,0.00243113103023,10.4515212542,0.00841486589172,6.25170556308,0.0,0.0779441814062,0.0218598287217,1.30795345511,-0.0395143347992,-0.0799268017191,0.0,453.9372134120365,454.8604234315253,456.62563088547256,453.42337504541587
0.6600000000000003,0.017853378433,0.00394463723257,10.5376637629,0.00596465808022,6.24687228351,0.0,0.105866303678,0.0282866377938,1.5631311842,-0.0436215716057,-0.0818400902651,0.0,485.334269696983,485.18602656992505,485.781801465592,485.4730279451214
0.7200000000000003,0.0250356900218,0.00576407794137,10.636103886,0.00296946685784,6.24228600484,0.0,0.134056431241,0.0320560891386,1.71796630805,-0.067107146422,-0.06738154562,0.0,455.8413497344193,456.99064653560373,457.5448285472499,455.6697121554917
0.7800000000000004,0.0339207207246,0.00773311556386,10.7417285051,6.28273466582,6.23839489709,0.0,0.162500487745,0.033211968389,1.80270614458,-0.042036261276,-0.0602218103407,0.0,434.44205645596406,435.03870702013006,434.5042650180103,436.59834771517814
0.8400000000000004,0.0447000669903,0.00970543430943,10.8548656881,6.28055272152,6.23442717511,0.0,0.197216910273,0.032271642384,1.96824029222,-0.0269289757892,-0.0818239596356,0.0,461.0125054729443,459.2992861208238,460.4256537726676,461.6186427939243
0.9000000000000005,0.0575150618301,0.0115836136363,10.975077067,6.2787127592,6.22999196026,0.0,0.230395159549,0.0301673691083,2.03865548388,-0.0394437754973,-0.0615469557193,0.0,430.65583310956725,432.36282722675065,432.0626857159689,431.00596143319785
0.9600000000000005,0.0724437694776,0.013294624917,11.1002457014,6.27747131805,6.226589293,0.0,0.2675752824,0.0266993776014,2.13343522618,0.0022944095213,-0.0484684825873,0.0,439.8809544508664,440.96031305131277,437.1294364762436,440.5933838269441
1.0200000000000005,0.0899029556232,0.0147575007057,11.2351666257,6.27812448439,6.22349342189,0.0,0.314732794598,0.0221186164589,2.36345497317,0.0241053680548,-0.0587319140465,0.0,481.895257613669,481.1173336319139,479.70973968476557,481.36292329679674
1.0800000000000005,0.11003151545,0.0159856950995,11.3799513694,6.27960912885,6.22062606975,0.0,0.356523505234,0.0189716680326,2.46246928584,0.0259916742852,-0.0319066784458,0.0,441.1475102760789,443.35532535487204,442.5456109109478,442.70094007877174
1.1400000000000006,0.132705045427,0.017056945012,11.5304209012,6.28080449107,6.21866025686,0.0,0.399440243431,0.0168801718314,2.55296473255,0.00361216589742,-0.0345344815006,0.0,439.9737481850228,439.7557106167324,441.53965683542333,439.68951197575296
1.2000000000000006,0.157835292329,0.0180277569863,11.6838998446,6.28110011919,6.21750146932,0.0,0.438363467932,0.0155031578984,2.56296257077,0.00743538080757,0.000751214620964,0.0,412.0844679776431,415.1916731748511,415.0316519599315,415.36698755228736
1.2600000000000007,0.185458426226,0.018917545506,11.8401568268,6.28145490442,6.21754460412,0.0,0.482386119646,0.0141968543539,2.64540946498,0.00267992112798,0.000654226785616,0.0,438.88451061033504,438.8764445733007,437.75890396856,437.36292256559364
1.3200000000000007,0.216078251928,0.0197257504028,12.00679545,6.28146028623,6.21768159901,0.0,0.538216178974,0.0127556280727,2.90856946508,-0.00567261441057,0.00535722428333,0.0,492.50145540915116,492.8491253397472,493.3130202680401,492.69589132860045
1.3800000000000008,0.249576081571,0.0204581780019,12.1821136656,6.28125759694,6.21760876297,0.0,0.578351600078,0.0116343328858,2.93529713333,0.000855845416283,-0.0195103483902,0.0,423.0448716261553,420.89816822837656,421.6984029425241,422.262034606227
1.4400000000000008,0.285852888079,0.0211100778039,12.3645822794,6.28116036658,6.21639830974,0.0,0.6309731063,0.0100946950784,3.14641086437,-0.00710126853907,-0.0215360498092,0.0,479.51883958652854,479.3649900887373,479.51082480264034,478.90600545873974
1.5000000000000009,0.325237944306,0.021667572791,12.5585612035,6.28049983342,6.21504113023,0.0,0.681971775617,0.00842994637033,3.3190443407,-0.0202689746395,-0.0248798144825,0.0,469.25499867802034,468.99535360825587,469.70848524340136,468.6862973825082
1.560000000000001,0.367506425087,0.0221157812475,12.7598735243,6.27882349327,6.21323261625,0.0,0.727114488966,0.00637734874231,3.39113161564,-0.05129936344,-0.043576956384,0.0,440.1597390752838,438.6092388232513,440.4439841993414,437.86960751093466
1.620000000000001,0.412424955176,0.0224073421726,12.9641311672,6.27551140523,6.21025261548,0.0,0.770407999811,0.00305216093225,3.4173458471,-0.0644413876477,-0.0660488888592,0.0,426.4683134675771,424.54260451799246,424.94184159751444,423.81145733637857
1.680000000000001,0.460188468045,0.0224142274958,13.1725371448,6.27181569263,6.20718223926,0.0,0.822030517838,-0.00321110346733,3.52913279862,-0.0564389493617,-0.0314219515018,0.0,450.8561231001379,453.6432585783064,452.4164751825165,453.05770097478313
1.740000000000001,0.511226411539,0.0219503289305,13.3892233691,6.2682046329,6.20522400829,0.0,0.879398770579,-0.0126339988137,3.69318384353,-0.0689825645703,-0.0351851727336,0.0,468.7411358190983,468.44823921104194,470.2168464300362,469.2416662866698
1.8000000000000012,0.565467439997,0.020893031678,13.6121533557,6.26404453631,6.20327080211,0.0,0.928803785721,-0.0229956205031,3.73763283686,-0.0700487996849,-0.0277514559128,0.0,433.10139448990026,433.72576920283973,433.0412537128236,432.94776063993766
1.8600000000000012,0.622611995566,0.0191581374666,13.8365850069,6.26004895346,6.20250243987,0.0,0.976099431777,-0.0351936823433,3.74337377213,-0.0604522337711,0.00701246301057,0.0,420.1753454485114,423.1786412043784,419.7017420203904,420.5302633183558
1.9200000000000013,0.682989537068,0.0165069765111,14.0661832756,6.25604463415,6.2030273386,0.0,1.03637249107,-0.053585907548,3.90932267504,-0.083875647623,0.0120117998229,0.0,471.7418009294249,472.1275761924695,471.6257603574435,469.8097644361354
1.9800000000000013,0.746781653221,0.0127207322048,14.303420156,6.25060683902,6.20383772347,0.0,1.08991386407,-0.0731330774376,3.99824151485,-0.109670824208,0.0163394945689,0.0,449.00558659840044,449.3564535971702,449.98177332702835,447.8814036420978
2.0400000000000014,0.813419098334,0.00779304762589,14.5416221892,6.24432222337,6.2048496906,0.0,1.13125498846,-0.091636156803,3.9420044219,-0.0963707761544,0.0178990342195,0.0,401.9050285300127,402.046318070015,401.3185588220112,402.51313017879767
2.1000000000000014,0.88298867896,0.00141678190042,14.7824644899,6.23876453409,6.2054664233,0.0,1.18757350107,-0.121499053891,4.08553277896,-0.0860377234332,-0.0128318584368,0.0,468.2028403740537,465.8055939947045,464.8550900549634,465.65728386315357
2.1600000000000015,0.955814135642,-0.00680441403603,15.0304523042,6.23393155448,6.20432259586,0.0,1.23999100929,-0.153027582911,4.18033046272,-0.0713720376529,-0.03599887824,0.0,453.4714482990737,451.6064664764354,451.6298138382598,452.8060400030229
2.2200000000000015,1.03185050868,-0.0170386628305,15.284625217,6.22943269351,6.20170219928,0.0,1.29474592181,-0.188544270169,4.29161290552,-0.083399937859,-0.0670505382913,0.0,458.56628221978457,456.0914875764729,459.75830914162793,458.79998437568423
2.2800000000000016,1.11096069515,-0.0293209359076,15.5421779225,6.22442469314,6.19791562422,0.0,1.34258662285,-0.221298686475,4.29338416387,-0.0836003901336,-0.0562103572706,0.0,422.9686659468369,423.8981670142052,425.6069262912848,425.58374596788985
2.3400000000000016,1.19334415112,-0.0438923218437,15.8037682719,6.21898082843,6.19444852264,0.0,1.40383306153,-0.264930431185,4.42567840483,-0.111435488015,-0.0611350973351,0.0,465.9432437475468,465.55589074276753,467.22217199266686,465.0398412186569
2.4000000000000017,1.27918769004,-0.0609961428073,16.0700822,6.21205323322,6.19142559635,0.0,1.45789043171,-0.305803612412,4.45124308196,-0.125043353621,-0.0347042852294,0.0,432.438708592474,434.65778074998565,434.7632928643707,433.60911057189895
2.4600000000000017,1.36852358945,-0.0808399595805,16.3400875424,6.20409935277,6.18947402993,0.0,1.52011954265,-0.356401187759,4.54842739354,-0.155126902622,-0.0284921483428,0.0,457.14289102901296,457.637307509783,457.73734181221386,455.32031487669303
2.520000000000002,1.46180156713,-0.104038342075,16.6177383485,6.19473884095,6.18781091221,0.0,1.58924711522,-0.417850895157,4.70580060525,-0.157830360407,-0.026215025361,0.0,477.4534184665632,477.62699907051353,474.9848434176613,474.75611635610585
2.580000000000002,1.55893388536,-0.130827385933,16.9014257284,6.18549387969,6.1860441764,0.0,1.64860885187,-0.475970567777,4.75011192604,-0.14748762831,-0.0368476250253,0.0,443.84367323729964,442.9697821566462,442.46656368610104,443.2947485344837
2.640000000000002,1.65989469256,-0.161514846465,17.190143282,6.17691971648,6.18377946819,0.0,1.71690878351,-0.547799750685,4.87309814912,-0.1350349539,-0.039602987916,0.0,468.1147290326319,467.89964149833224,468.04283124300014,468.9931087090615
2.700000000000002,1.76495551468,-0.196646098149,17.4857907336,6.1686491787,6.18139999371,0.0,1.78528792937,-0.624023648306,4.98115038466,-0.144141111014,-0.0397679468027,0.0,465.5603864175618,465.54676022997273,465.1862258991932,464.45575020044515
2.760000000000002,1.87410180407,-0.236454142788,17.7872879394,6.16010678553,6.17898280827,0.0,1.85309143495,-0.703713045119,5.06815640967,-0.13905683307,-0.0413437963726,0.0,459.81080398960654,459.68515113304403,460.31934066144845,460.70343296101794
2.820000000000002,1.98690560601,-0.280676010178,18.0896761821,6.15197446328,6.17657695805,0.0,1.90722347362,-0.771018530724,5.01152490957,-0.129302612537,-0.0377152848294,0.0,413.39602398693023,413.714730311708,415.6736943674957,416.5093595677455
2.880000000000002,2.10345300485,-0.329633754898,18.3929151232,6.14399728662,6.17434835658,0.0,1.97783671854,-0.861622976214,5.09582742427,-0.141480592422,-0.0360236168043,0.0,460.8065691435575,460.93970632678554,460.5328965715717,459.552761166394
2.940000000000002,2.22422951888,-0.384131050588,18.7007655066,6.13611522336,6.17160520147,0.0,2.0481927364,-0.95568392583,5.16528317361,-0.116401554048,-0.0854859012088,0.0,460.3086786084402,456.37515721523505,454.9430098134589,456.9311261540969
3.000000000000002,2.34899937427,-0.444044294278,19.0102264053,6.1285831119,6.16704420781,0.0,2.11118634772,-1.04201628661,5.1498846409,-0.158638915303,-0.0617731505852,0.0,430.2321791674414,432.2305627380603,432.8844519919039,429.29845628809727
3.0600000000000023,2.47724878574,-0.508783248475,19.3156150678,6.11920440197,6.16349618402,0.0,2.16407312732,-1.11667315677,5.03003585395,-0.152027671243,-0.0543199955593,0.0,394.73368158586595,395.41807210883314,395.72075743080836,396.30256645758186
3.1200000000000023,2.60924819182,-0.578859407501,19.6181356872,6.11034662353,6.16003605772,0.0,2.23615335727,-1.21996949794,5.0535533229,-0.140040766522,-0.0653831456272,0.0,444.5475901666362,443.637639913598,442.99481594776705,443.95895254643057
3.1800000000000024,2.74567356677,-0.655350284239,19.9223521926,6.10186650417,6.15604876508,0.0,2.31165818346,-1.33044662793,5.08649112099,-0.144055639296,-0.0686882745172,0.0,447.294350081423,447.0217996360472,448.54325468945433,448.19861083277635
3.2400000000000024,2.88662084903,-0.738519024332,20.2279134306,6.09322754878,6.15260799997,0.0,2.38685719237,-1.44257173327,5.09845993368,-0.143837062749,-0.0410399895037,0.0,440.53199066281974,442.81010975220306,442.54103126144537,442.53957314949804
3.3000000000000025,3.03234470957,-0.828879897558,20.5357464314,6.0848441968,6.14977011223,0.0,2.47075561535,-1.57018752057,5.16194853403,-0.13256161047,-0.064328940811,0.0,460.881135515896,459.03501887690663,458.5324436091702,459.40992249731414
3.3600000000000025,3.18277188863,-0.92649438722,20.8445536407,6.07734387936,6.14554236853,0.0,2.54377747342,-1.68425997205,5.1313871931,-0.113071581392,-0.0870066631167,0.0,432.1565525863107,430.2362038413737,428.9500893700797,430.58727281976707
3.4200000000000026,3.33765310172,-1.03108159879,21.151512715,6.07061494371,6.14018538137,0.0,2.61933137271,-1.80252951386,5.10031756349,-0.110366248403,-0.0942725561029,0.0,430.10011260504325,429.47719379077387,431.84966023668557,432.06627848959204
3.4800000000000026,3.49683986848,-1.14241967376,21.4544546882,6.06379223108,6.13435237952,0.0,2.68732134657,-1.90929069052,4.99783152561,-0.121413265694,-0.103867115287,0.0,407.36010707783134,406.4919435217939,407.14910661065153,406.1463940103611
3.5400000000000027,3.66071642393,-1.26103334766,21.7546262795,6.05614056129,6.12765819926,0.0,2.77572545428,-2.0450920478,5.00732133828,-0.143987817506,-0.135067991164,0.0,445.85355937852705,443.2848636131902,446.12290715167535,444.2602414836558
3.6000000000000028,3.83064174075,-1.38882772425,22.0591359505,6.0472761666,6.11924946086,0.0,2.88916356478,-2.215418144,5.14162625134,-0.156548656551,-0.152952633364,0.0,486.0381112781578,484.6789443062185,485.7527884463756,484.7911761741345
3.660000000000003,4.00625702079,-1.52520211065,22.3640542648,6.03802676525,6.11051550741,0.0,2.96533240624,-2.33111167742,5.02229452609,-0.149762364919,-0.133849137655,0.0,404.24525055959157,405.94103923241846,404.6507006688641,405.23627576715825
3.720000000000003,4.18730983524,-1.66969164368,22.665895098,6.02903558852,6.10286231038,0.0,3.07036173612,-2.48590269051,5.03826413059,-0.150034498658,-0.117265104272,0.0,450.8231959922622,452.1467036848049,451.54732121481743,451.50464027790423
3.780000000000003,4.37417279029,-1.82277625147,22.9653462242,6.02021450723,6.09680823723,0.0,3.15886085875,-2.61761916495,4.94326961108,-0.141586673897,-0.0798563352664,0.0,413.1584454876538,416.4338200611922,415.98947288064124,416.7068313888661
3.840000000000003,4.56744436932,-1.98531191779,23.2642613841,6.01173553989,6.09322070022,0.0,3.28371649071,-2.80088982779,5.01945583268,-0.140781052346,-0.0358305854988,0.0,471.5359367942025,474.92243520296915,472.6274785980588,472.6723011008108
3.900000000000003,4.76761869158,-2.1581244804,23.5644835831,6.00302750111,6.09102731185,0.0,3.38882420495,-2.96022082653,4.98746675692,-0.155676903462,-0.0380489115328,0.0,440.41637748883295,440.23219846591087,440.5890351598549,439.3353310052454
3.960000000000003,4.97382174776,-2.3402275137,23.8612549983,5.99376309852,6.08926240682,0.0,3.48468880589,-3.11064003643,4.90467530341,-0.15198318767,-0.0161474057436,0.0,422.3565023477648,424.241261708093,424.1536733422952,424.4470835418887
4.020000000000002,5.18721178054,-2.53359182706,24.1599651123,5.98518759678,6.08829880659,0.0,3.62807774909,-3.33549164063,5.05075116129,-0.129165486617,-0.0158857778832,0.0,498.82829009497726,498.8475226559518,497.23113776134824,498.8832213565428
4.080000000000001,5.40852936575,-2.73963223737,24.4640881891,5.97756161947,6.08756821296,0.0,3.74902471675,-3.53311010455,5.0857527528,-0.123262364478,-0.00563403809952,0.0,466.2674735480772,467.0679890065233,467.58893125751075,468.0348097255567
4.14,5.63672598588,-2.95712419982,24.7684748992,5.9700144913,6.08691149718,0.0,3.85740082288,-3.71723328071,5.05988845931,-0.131374506448,-0.0245490487548,0.0,450.48880344882605,448.9564535299867,449.25574989160924,448.58307146558275
4.199999999999998,5.87120873455,-3.18548362644,25.0702495313,5.96261150383,6.08624028099,0.0,3.95863888761,-3.89539145758,4.9988448924,-0.110905685656,0.00715853294576,0.0,436.6325140427443,439.2704954800247,438.74827697891254,440.4305497771399
4.259999999999997,6.11190504393,-3.42491533225,25.3690518409,5.95618477674,6.0875285287,0.0,4.06431479993,-4.08623487762,4.96073730468,-0.1004432016,0.0407118842939,0.0,445.8222593878467,448.55611966809636,447.3130405842062,448.1544088569817
4.319999999999996,6.35843869206,-3.67519765821,25.6633745121,5.95006673799,6.09088427437,0.0,4.15314883939,-4.25715011464,4.85001965752,-0.105201625651,0.0759858746991,0.0,422.1103633538285,425.1463547173562,423.17612560549196,422.75660528938806
4.379999999999995,6.61076147183,-3.93677602867,25.9536706405,5.94333627536,6.09570260347,0.0,4.25697603089,-4.46273091374,4.82600558953,-0.132159243793,0.0877805649075,0.0,452.56579658661195,453.51938260034797,454.54138450171456,452.36390697147766
4.439999999999993,6.86968422541,-4.21171439703,26.2449339071,5.9352457185,6.10132346666,0.0,4.37290443034,-4.70253747813,4.88168596733,-0.140829400841,0.103432808039,0.0,479.1135401476053,480.3089803866921,481.32012412449313,480.6480354655022
4.499999999999992,7.13511261614,-4.50067895376,26.5379494516,5.92651070826,6.10720537393,0.0,4.4738709373,-4.93036468018,4.88468890198,-0.157353900135,0.0841368274486,0.0,466.60785430309136,465.10627017936486,466.3368681240481,465.02496184077563
4.559999999999991,7.4053740123,-4.80135949588,26.8253414456,5.91721454863,6.11223319932,0.0,4.5344765701,-5.09328126643,4.69536247068,-0.150497817736,0.0831092664209,0.0,401.30104316044446,401.2142917671042,398.54581349519054,399.14643669136115
4.6199999999999894,7.67987352143,-5.11342481115,27.1051107832,5.90795316351,6.11684191182,0.0,4.61491471623,-5.30973933959,4.62975809779,-0.163463381107,0.059633542145,0.0,444.9436402947985,443.0215516790127,444.86223345165314,443.77631940285545
4.679999999999988,7.95895570364,-5.438359061,27.380092659,5.89809283855,6.12045567381,0.0,4.68738507685,-5.5223032417,4.53584200183,-0.166147045966,0.06139464839,0.0,436.4128483946688,436.56249759249073,434.9112413445533,434.6599156766186
4.739999999999987,8.24367110504,-5.77940263324,27.6571300612,5.88871514623,6.1240066914,0.0,4.80225534229,-5.84643370676,4.69652817931,-0.141623537313,0.054350001575,0.0,519.8907472464566,519.3987081989433,517.0739530028286,518.7792829480704
4.799999999999986,8.53390389934,-6.13710608721,27.936425271,5.87969179645,6.12714725229,0.0,4.87173926825,-6.07783110135,4.61271293056,-0.180448966432,0.0479928348692,0.0,445.2162052037882,444.69738595660755,446.95430703121684,443.7551121607491
4.859999999999984,8.82818032734,-6.50876802423,28.2103245255,5.86888647783,6.13008514011,0.0,4.93707687921,-6.31185000335,4.51656225552,-0.179378624547,0.0508404946823,0.0,442.02938298979234,442.26555227510835,442.72966895872156,442.78628159996344
4.919999999999983,9.12601622544,-6.89392941421,28.4766499043,5.85785393129,6.1331720848,0.0,4.99046214271,-6.52789070524,4.36060477538,-0.194848295252,0.0526388535447,0.0,422.47984494321645,422.63676756879335,423.4451429275181,422.0768426126636
4.979999999999982,9.42692036377,-7.29207695045,28.733128632,5.84567583189,6.13638877897,0.0,5.03935804898,-6.7447874978,4.1883353991,-0.228742142114,0.0554885897878,0.0,417.3179090791131,417.5687581151558,419.2136411867763,416.21211437509277
5.0399999999999805,9.73079030359,-7.70374946718,28.9797898257,5.83182438407,6.13954854551,0.0,5.08927679195,-6.97878674541,4.03304183676,-0.235454785174,0.0463116484251,0.0,426.163507441468,425.38005427499064,424.5700626023708,423.9376586983375
